00010010010010010010010010010011
10110010010110110010010010010011
10011010011010010010010010010011
10011111111111111110010010010011
10010110010010011010010010010011
10010010010010010010010010010011
10111110010110110010010010010011
10011010011010010010010010010011
10010011011000110110010010010011
10010110011001111010010010010011
10010010010010010010010010010011
10110010010110110010010010010011
10011010011010010010010010010011
10010010011111110110010010010011
10010110010010011010010010010011
10010010010010010010010010010011
10110010010110110010010010010011
10011010011010010010010010010011
10010010010011110110010010010011
01110110010011011010010010010011
10010010010010010010010010010011
10110010010110110010010010011111
10011010011010010011110010010011
10010010011100110110010011110011
10010111110010011010010110010011
10010010010010010010010010010011
10111011110110111010010010010011
11011010011010010010010010010011
10010010010000110110010010010011
10010110010010011010010010010011
10010010010010010010010010010011
10110010010110110010010010010011
10011010011010010010010010010011
10010010010110110110010010010011
10010111110010011010010010010011
10010010010010010010010010010011
10110011110110110010010010010011
10011010011010010010010011010011
10010010010011110110010010011111
10010110010010011010010010011011
10010010010010010010010010010011
10110010010110110010010010010011
10011010011010010010010010010011
10010010010000110110010010010111
10010110010010011010010010010011
10010011010010010010010010010011
10110010010110110010010010010011
10011010011010010010010010011011
10010010010110110110010010010011
10010110010010011010010010010011
